(kicad_pcb (version 20171130) (host pcbnew "(5.1.10)-1")

  (general
    (thickness 1.6)
    (drawings 235)
    (tracks 1645)
    (zones 0)
    (modules 85)
    (nets 142)
  )

  (page A4)
  (layers
    (0 F.Cu signal)
    (31 B.Cu signal)
    (32 B.Adhes user)
    (33 F.Adhes user)
    (34 B.Paste user)
    (35 F.Paste user)
    (36 B.SilkS user)
    (37 F.SilkS user)
    (38 B.Mask user)
    (39 F.Mask user)
    (40 Dwgs.User user)
    (41 Cmts.User user)
    (42 Eco1.User user)
    (43 Eco2.User user)
    (44 Edge.Cuts user)
    (45 Margin user)
    (46 B.CrtYd user hide)
    (47 F.CrtYd user)
    (48 B.Fab user hide)
    (49 F.Fab user hide)
  )

  (setup
    (last_trace_width 1.2)
    (user_trace_width 0.3)
    (user_trace_width 0.35)
    (user_trace_width 0.4)
    (user_trace_width 0.45)
    (user_trace_width 0.5)
    (user_trace_width 0.55)
    (user_trace_width 0.6)
    (user_trace_width 0.65)
    (user_trace_width 0.7)
    (user_trace_width 0.8)
    (user_trace_width 0.9)
    (user_trace_width 1.2)
    (trace_clearance 0.2)
    (zone_clearance 0.508)
    (zone_45_only no)
    (trace_min 0.2)
    (via_size 0.8)
    (via_drill 0.4)
    (via_min_size 0.4)
    (via_min_drill 0.3)
    (user_via 0.4 0.3)
    (user_via 0.5 0.3)
    (user_via 0.6 0.3)
    (user_via 1 0.5)
    (user_via 1.3 0.7)
    (uvia_size 0.3)
    (uvia_drill 0.1)
    (uvias_allowed no)
    (uvia_min_size 0.2)
    (uvia_min_drill 0.1)
    (edge_width 0.05)
    (segment_width 0.2)
    (pcb_text_width 0.3)
    (pcb_text_size 1.5 1.5)
    (mod_edge_width 0.12)
    (mod_text_size 1 1)
    (mod_text_width 0.15)
    (pad_size 4.4 4.4)
    (pad_drill 2.2)
    (pad_to_mask_clearance 0)
    (aux_axis_origin 0 0)
    (visible_elements 7FFFFFFF)
    (pcbplotparams
      (layerselection 0x010fc_ffffffff)
      (usegerberextensions false)
      (usegerberattributes true)
      (usegerberadvancedattributes true)
      (creategerberjobfile true)
      (excludeedgelayer true)
      (linewidth 0.100000)
      (plotframeref false)
      (viasonmask false)
      (mode 1)
      (useauxorigin false)
      (hpglpennumber 1)
      (hpglpenspeed 20)
      (hpglpendiameter 15.000000)
      (psnegative false)
      (psa4output false)
      (plotreference true)
      (plotvalue true)
      (plotinvisibletext false)
      (padsonsilk false)
      (subtractmaskfromsilk false)
      (outputformat 1)
      (mirror false)
      (drillshape 1)
      (scaleselection 1)
      (outputdirectory ""))
  )

  (net 0 "")
  (net 1 GND)
  (net 2 "Net-(C1-Pad1)")
  (net 3 +5V)
  (net 4 RTC1)
  (net 5 RTC2)
  (net 6 HSE1)
  (net 7 HSE2)
  (net 8 VRef)
  (net 9 +3V3)
  (net 10 VCAP1)
  (net 11 VCAP2)
  (net 12 NRST)
  (net 13 "Net-(D1-Pad2)")
  (net 14 PA3-USART2_RX)
  (net 15 PA2-USART2_TX)
  (net 16 "Net-(D2-Pad2)")
  (net 17 "Net-(D4-Pad2)")
  (net 18 PC13)
  (net 19 "Net-(D5-Pad2)")
  (net 20 "Net-(J1-Pad3)")
  (net 21 "Net-(J1-Pad2)")
  (net 22 "Net-(J1-Pad1)")
  (net 23 "Net-(J2-Pad2)")
  (net 24 "Net-(J2-Pad3)")
  (net 25 SWCLK)
  (net 26 SWDIO)
  (net 27 VBAT)
  (net 28 PB15)
  (net 29 PB14)
  (net 30 PB12)
  (net 31 PE15)
  (net 32 PE14)
  (net 33 PE13)
  (net 34 PE12)
  (net 35 PE11)
  (net 36 PE10)
  (net 37 PE9)
  (net 38 PE8)
  (net 39 PE7)
  (net 40 PB1)
  (net 41 PB0)
  (net 42 PC5)
  (net 43 PC4)
  (net 44 PA7)
  (net 45 PA6)
  (net 46 PA5)
  (net 47 PA4)
  (net 48 PA1)
  (net 49 PA0)
  (net 50 PC0)
  (net 51 PE6)
  (net 52 PE5)
  (net 53 PE4)
  (net 54 PE3)
  (net 55 PE2)
  (net 56 PD8)
  (net 57 PD9)
  (net 58 PD10)
  (net 59 PD11)
  (net 60 PD12)
  (net 61 PD13)
  (net 62 PD14)
  (net 63 PD15)
  (net 64 PC6)
  (net 65 PC7)
  (net 66 PC8-SDIO_D0)
  (net 67 PC9-SDIO_D1)
  (net 68 PA8)
  (net 69 PA9)
  (net 70 PA10)
  (net 71 PA11-USB_DM)
  (net 72 PA12-USB_DP)
  (net 73 PC10-SDIO_D2)
  (net 74 PC11-SDIO_D3)
  (net 75 PC12-SDIO_CK)
  (net 76 PD0)
  (net 77 PD1)
  (net 78 PD2-SDIO_CMD)
  (net 79 PD3)
  (net 80 PD4)
  (net 81 PD5)
  (net 82 PD6)
  (net 83 PD7)
  (net 84 PB6)
  (net 85 PB7)
  (net 86 PB8)
  (net 87 PB9)
  (net 88 PE0)
  (net 89 PE1)
  (net 90 USB_Rx)
  (net 91 USB_Tx)
  (net 92 ESP_Tx)
  (net 93 ESP_Rx)
  (net 94 PB2)
  (net 95 "Net-(R6-Pad2)")
  (net 96 "Net-(C23-Pad2)")
  (net 97 "Net-(C24-Pad2)")
  (net 98 ADC)
  (net 99 IO14)
  (net 100 IO12)
  (net 101 IO13)
  (net 102 IO11)
  (net 103 IO7)
  (net 104 IO9)
  (net 105 IO10)
  (net 106 IO8)
  (net 107 IO6)
  (net 108 IO15)
  (net 109 IO2)
  (net 110 IO4)
  (net 111 IO5)
  (net 112 PB10-MPU_SCL)
  (net 113 PB11-MPU_SDA)
  (net 114 "Net-(JP1-Pad1)")
  (net 115 "Net-(Q1-Pad1)")
  (net 116 "Net-(Q1-Pad2)")
  (net 117 ESP_RST)
  (net 118 GPIO0)
  (net 119 "Net-(Q2-Pad2)")
  (net 120 "Net-(Q2-Pad1)")
  (net 121 "Net-(R23-Pad1)")
  (net 122 "Net-(U1-Pad9)")
  (net 123 "Net-(U1-Pad10)")
  (net 124 "Net-(U1-Pad11)")
  (net 125 "Net-(U1-Pad12)")
  (net 126 "Net-(U1-Pad15)")
  (net 127 "Net-(U6-Pad6)")
  (net 128 "Net-(U6-Pad7)")
  (net 129 "Net-(U6-Pad9)")
  (net 130 CHE1)
  (net 131 CHE2)
  (net 132 "Net-(XS1-Pad9)")
  (net 133 PA15-Flash_CS)
  (net 134 PB4-Flash_DO)
  (net 135 PB5-Flash_DI)
  (net 136 PB3-Flash_SCK)
  (net 137 PB13)
  (net 138 PC3)
  (net 139 PC2)
  (net 140 PC1)
  (net 141 Vin)

  (net_class Default "This is the default net class."
    (clearance 0.2)
    (trace_width 0.25)
    (via_dia 0.8)
    (via_drill 0.4)
    (uvia_dia 0.3)
    (uvia_drill 0.1)
    (add_net +3V3)
    (add_net +5V)
    (add_net ADC)
    (add_net CHE1)
    (add_net CHE2)
    (add_net ESP_RST)
    (add_net ESP_Rx)
    (add_net ESP_Tx)
    (add_net GND)
    (add_net GPIO0)
    (add_net HSE1)
    (add_net HSE2)
    (add_net IO10)
    (add_net IO11)
    (add_net IO12)
    (add_net IO13)
    (add_net IO14)
    (add_net IO15)
    (add_net IO2)
    (add_net IO4)
    (add_net IO5)
    (add_net IO6)
    (add_net IO7)
    (add_net IO8)
    (add_net IO9)
    (add_net NRST)
    (add_net "Net-(C1-Pad1)")
    (add_net "Net-(C23-Pad2)")
    (add_net "Net-(C24-Pad2)")
    (add_net "Net-(D1-Pad2)")
    (add_net "Net-(D2-Pad2)")
    (add_net "Net-(D4-Pad2)")
    (add_net "Net-(D5-Pad2)")
    (add_net "Net-(J1-Pad1)")
    (add_net "Net-(J1-Pad2)")
    (add_net "Net-(J1-Pad3)")
    (add_net "Net-(J2-Pad2)")
    (add_net "Net-(J2-Pad3)")
    (add_net "Net-(JP1-Pad1)")
    (add_net "Net-(Q1-Pad1)")
    (add_net "Net-(Q1-Pad2)")
    (add_net "Net-(Q2-Pad1)")
    (add_net "Net-(Q2-Pad2)")
    (add_net "Net-(R23-Pad1)")
    (add_net "Net-(R6-Pad2)")
    (add_net "Net-(U1-Pad10)")
    (add_net "Net-(U1-Pad11)")
    (add_net "Net-(U1-Pad12)")
    (add_net "Net-(U1-Pad15)")
    (add_net "Net-(U1-Pad9)")
    (add_net "Net-(U6-Pad6)")
    (add_net "Net-(U6-Pad7)")
    (add_net "Net-(U6-Pad9)")
    (add_net "Net-(XS1-Pad9)")
    (add_net PA0)
    (add_net PA1)
    (add_net PA10)
    (add_net PA11-USB_DM)
    (add_net PA12-USB_DP)
    (add_net PA15-Flash_CS)
    (add_net PA2-USART2_TX)
    (add_net PA3-USART2_RX)
    (add_net PA4)
    (add_net PA5)
    (add_net PA6)
    (add_net PA7)
    (add_net PA8)
    (add_net PA9)
    (add_net PB0)
    (add_net PB1)
    (add_net PB10-MPU_SCL)
    (add_net PB11-MPU_SDA)
    (add_net PB12)
    (add_net PB13)
    (add_net PB14)
    (add_net PB15)
    (add_net PB2)
    (add_net PB3-Flash_SCK)
    (add_net PB4-Flash_DO)
    (add_net PB5-Flash_DI)
    (add_net PB6)
    (add_net PB7)
    (add_net PB8)
    (add_net PB9)
    (add_net PC0)
    (add_net PC1)
    (add_net PC10-SDIO_D2)
    (add_net PC11-SDIO_D3)
    (add_net PC12-SDIO_CK)
    (add_net PC13)
    (add_net PC2)
    (add_net PC3)
    (add_net PC4)
    (add_net PC5)
    (add_net PC6)
    (add_net PC7)
    (add_net PC8-SDIO_D0)
    (add_net PC9-SDIO_D1)
    (add_net PD0)
    (add_net PD1)
    (add_net PD10)
    (add_net PD11)
    (add_net PD12)
    (add_net PD13)
    (add_net PD14)
    (add_net PD15)
    (add_net PD2-SDIO_CMD)
    (add_net PD3)
    (add_net PD4)
    (add_net PD5)
    (add_net PD6)
    (add_net PD7)
    (add_net PD8)
    (add_net PD9)
    (add_net PE0)
    (add_net PE1)
    (add_net PE10)
    (add_net PE11)
    (add_net PE12)
    (add_net PE13)
    (add_net PE14)
    (add_net PE15)
    (add_net PE2)
    (add_net PE3)
    (add_net PE4)
    (add_net PE5)
    (add_net PE6)
    (add_net PE7)
    (add_net PE8)
    (add_net PE9)
    (add_net RTC1)
    (add_net RTC2)
    (add_net SWCLK)
    (add_net SWDIO)
    (add_net USB_Rx)
    (add_net USB_Tx)
    (add_net VBAT)
    (add_net VCAP1)
    (add_net VCAP2)
    (add_net VRef)
    (add_net Vin)
  )

  (module Bitmap:ST_logo (layer B.Cu) (tedit 0) (tstamp 616BF3B0)
    (at 166.09 88.57 180)
    (fp_text reference G*** (at 0 0) (layer B.SilkS) hide
      (effects (font (size 1.524 1.524) (thickness 0.3)) (justify mirror))
    )
    (fp_text value LOGO (at 0.75 0) (layer B.SilkS) hide
      (effects (font (size 1.524 1.524) (thickness 0.3)) (justify mirror))
    )
    (fp_poly (pts (xy 9.131199 -5.209579) (xy 9.174694 -5.255417) (xy 9.493355 -5.815001) (xy 9.391809 -6.338276)
      (xy 9.137916 -6.634694) (xy 8.538513 -6.951523) (xy 7.949158 -6.873965) (xy 7.494702 -6.455833)
      (xy 7.270745 -6.041559) (xy 7.295483 -5.819093) (xy 7.658521 -5.819093) (xy 7.685504 -6.215396)
      (xy 7.851583 -6.532894) (xy 7.927743 -6.460041) (xy 7.91511 -6.337508) (xy 8.255 -6.337508)
      (xy 8.408651 -6.553053) (xy 8.466667 -6.561667) (xy 8.67283 -6.489449) (xy 8.678333 -6.468325)
      (xy 8.530011 -6.287611) (xy 8.466667 -6.244167) (xy 8.271619 -6.260949) (xy 8.255 -6.337508)
      (xy 7.91511 -6.337508) (xy 7.886154 -6.05667) (xy 8.784639 -6.05667) (xy 8.810625 -6.181144)
      (xy 8.995833 -6.341316) (xy 9.089738 -6.100615) (xy 9.098425 -5.87375) (xy 9.062867 -5.568139)
      (xy 8.93724 -5.649576) (xy 8.900725 -5.704894) (xy 8.784639 -6.05667) (xy 7.886154 -6.05667)
      (xy 7.883884 -6.034655) (xy 7.906986 -5.580245) (xy 7.915145 -5.573889) (xy 8.325555 -5.573889)
      (xy 8.354611 -5.699724) (xy 8.466667 -5.715) (xy 8.640892 -5.637554) (xy 8.607778 -5.573889)
      (xy 8.356579 -5.548556) (xy 8.325555 -5.573889) (xy 7.915145 -5.573889) (xy 8.262734 -5.303114)
      (xy 8.283653 -5.294053) (xy 8.56743 -5.150496) (xy 8.455857 -5.12479) (xy 8.38352 -5.133148)
      (xy 7.911229 -5.368649) (xy 7.658521 -5.819093) (xy 7.295483 -5.819093) (xy 7.306968 -5.715822)
      (xy 7.494702 -5.3975) (xy 7.985904 -4.965603) (xy 8.573814 -4.899376) (xy 9.131199 -5.209579)) (layer B.SilkS) (width 0.01))
    (fp_poly (pts (xy 0.490936 2.537107) (xy 1.436873 2.524429) (xy 2.072357 2.495964) (xy 2.453821 2.445711)
      (xy 2.637695 2.367671) (xy 2.680413 2.255842) (xy 2.661621 2.169583) (xy 2.543442 1.86997)
      (xy 2.281888 1.247124) (xy 1.904432 0.365141) (xy 1.438547 -0.711885) (xy 0.911705 -1.919857)
      (xy 0.779084 -2.2225) (xy -0.984881 -6.244167) (xy -1.974107 -6.308681) (xy -2.553627 -6.31035)
      (xy -2.909659 -6.241772) (xy -2.963333 -6.183906) (xy -2.792258 -5.966956) (xy -2.433681 -5.753292)
      (xy -1.775404 -5.235631) (xy -1.303692 -4.421336) (xy -1.073117 -3.416) (xy -1.059125 -3.093571)
      (xy -1.069405 -2.657219) (xy -1.13314 -2.30286) (xy -1.298512 -1.954948) (xy -1.613708 -1.537941)
      (xy -2.126912 -0.976293) (xy -2.886309 -0.194461) (xy -2.949242 -0.130238) (xy -3.783784 0.731232)
      (xy -4.360142 1.384089) (xy -4.655274 1.857254) (xy -4.646139 2.17965) (xy -4.309695 2.380197)
      (xy -3.6229 2.487817) (xy -2.562715 2.53143) (xy -1.106097 2.539959) (xy -0.821885 2.54)
      (xy 0.490936 2.537107)) (layer B.SilkS) (width 0.01))
    (fp_poly (pts (xy 7.73194 2.528242) (xy 8.339084 2.502645) (xy 8.654866 2.464906) (xy 8.678333 2.450291)
      (xy 8.597317 2.238798) (xy 8.37042 1.696273) (xy 8.021867 0.879335) (xy 7.575883 -0.155395)
      (xy 7.056694 -1.351296) (xy 6.799146 -1.941793) (xy 4.919959 -6.244167) (xy 3.200813 -6.305643)
      (xy 2.407895 -6.315022) (xy 1.807624 -6.286004) (xy 1.499417 -6.224697) (xy 1.478713 -6.19981)
      (xy 1.55855 -5.964773) (xy 1.783714 -5.400003) (xy 2.129998 -4.563671) (xy 2.573191 -3.513948)
      (xy 3.089087 -2.309004) (xy 3.330797 -1.749442) (xy 5.185833 2.533615) (xy 6.932083 2.536808)
      (xy 7.73194 2.528242)) (layer B.SilkS) (width 0.01))
    (fp_poly (pts (xy 4.092234 6.770876) (xy 5.783065 6.763867) (xy 7.28943 6.752849) (xy 8.566133 6.738368)
      (xy 9.567977 6.720967) (xy 10.249767 6.701191) (xy 10.566305 6.679582) (xy 10.583333 6.673163)
      (xy 10.498534 6.441151) (xy 10.281995 5.959217) (xy 10.117822 5.614829) (xy 9.652311 4.656667)
      (xy 2.339072 4.655876) (xy 0.377139 4.654462) (xy -1.207026 4.649117) (xy -2.458987 4.63748)
      (xy -3.424307 4.617191) (xy -4.14855 4.585888) (xy -4.677279 4.541213) (xy -5.056056 4.480803)
      (xy -5.330445 4.4023) (xy -5.54601 4.303341) (xy -5.651807 4.241903) (xy -6.435618 3.536681)
      (xy -6.866751 2.612913) (xy -6.925868 1.526929) (xy -6.853362 1.100671) (xy -6.706917 0.715795)
      (xy -6.433476 0.296581) (xy -5.979978 -0.232693) (xy -5.293367 -0.94775) (xy -4.946752 -1.297543)
      (xy -4.120395 -2.138658) (xy -3.553059 -2.776378) (xy -3.267869 -3.239981) (xy -3.28795 -3.558742)
      (xy -3.636429 -3.761941) (xy -4.33643 -3.878853) (xy -5.41108 -3.938757) (xy -6.883503 -3.97093)
      (xy -7.060719 -3.973868) (xy -8.22832 -3.983796) (xy -9.232618 -3.974573) (xy -10.004138 -3.948285)
      (xy -10.473401 -3.907018) (xy -10.58521 -3.868034) (xy -10.504886 -3.637695) (xy -10.277431 -3.071318)
      (xy -9.924666 -2.22102) (xy -9.468416 -1.138921) (xy -8.930502 0.122861) (xy -8.332748 1.512208)
      (xy -8.323078 1.534583) (xy -6.059068 6.773333) (xy 2.262133 6.773333) (xy 4.092234 6.770876)) (layer B.SilkS) (width 0.01))
  )

  (module Capacitor_SMD:C_0603_1608Metric (layer F.Cu) (tedit 5F68FEEE) (tstamp 6164CD59)
    (at 160.78 54.13)
    (descr "Capacitor SMD 0603 (1608 Metric), square (rectangular) end terminal, IPC_7351 nominal, (Body size source: IPC-SM-782 page 76, https://www.pcb-3d.com/wordpress/wp-content/uploads/ipc-sm-782a_amendment_1_and_2.pdf), generated with kicad-footprint-generator")
    (tags capacitor)
    (path /619A1443)
    (attr smd)
    (fp_text reference C1 (at 0.03 -1.03) (layer F.SilkS)
      (effects (font (size 0.8 0.8) (thickness 0.15)))
    )
    (fp_text value 100nF (at 0 1.43) (layer F.Fab)
      (effects (font (size 1 1) (thickness 0.15)))
    )
    (fp_line (start 1.48 0.73) (end -1.48 0.73) (layer F.CrtYd) (width 0.05))
    (fp_line (start 1.48 -0.73) (end 1.48 0.73) (layer F.CrtYd) (width 0.05))
    (fp_line (start -1.48 -0.73) (end 1.48 -0.73) (layer F.CrtYd) (width 0.05))
    (fp_line (start -1.48 0.73) (end -1.48 -0.73) (layer F.CrtYd) (width 0.05))
    (fp_line (start -0.14058 0.51) (end 0.14058 0.51) (layer F.SilkS) (width 0.12))
    (fp_line (start -0.14058 -0.51) (end 0.14058 -0.51) (layer F.SilkS) (width 0.12))
    (fp_line (start 0.8 0.4) (end -0.8 0.4) (layer F.Fab) (width 0.1))
    (fp_line (start 0.8 -0.4) (end 0.8 0.4) (layer F.Fab) (width 0.1))
    (fp_line (start -0.8 -0.4) (end 0.8 -0.4) (layer F.Fab) (width 0.1))
    (fp_line (start -0.8 0.4) (end -0.8 -0.4) (layer F.Fab) (width 0.1))
    (fp_text user %R (at 0 0) (layer F.Fab)
      (effects (font (size 0.4 0.4) (thickness 0.06)))
    )
    (pad 2 smd roundrect (at 0.775 0) (size 0.9 0.95) (layers F.Cu F.Paste F.Mask) (roundrect_rratio 0.25)
      (net 1 GND))
    (pad 1 smd roundrect (at -0.775 0) (size 0.9 0.95) (layers F.Cu F.Paste F.Mask) (roundrect_rratio 0.25)
      (net 2 "Net-(C1-Pad1)"))
    (model ${KISYS3DMOD}/Capacitor_SMD.3dshapes/C_0603_1608Metric.wrl
      (at (xyz 0 0 0))
      (scale (xyz 1 1 1))
      (rotate (xyz 0 0 0))
    )
  )

  (module Capacitor_SMD:C_1210_3225Metric (layer F.Cu) (tedit 5F68FEEE) (tstamp 6164CD6A)
    (at 186.82 49.13 90)
    (descr "Capacitor SMD 1210 (3225 Metric), square (rectangular) end terminal, IPC_7351 nominal, (Body size source: IPC-SM-782 page 76, https://www.pcb-3d.com/wordpress/wp-content/uploads/ipc-sm-782a_amendment_1_and_2.pdf), generated with kicad-footprint-generator")
    (tags capacitor)
    (path /617C4785)
    (attr smd)
    (fp_text reference C2 (at -0.03 2.22) (layer F.SilkS)
      (effects (font (size 0.8 0.8) (thickness 0.15)))
    )
    (fp_text value 100uF (at 0 2.3 90) (layer F.Fab)
      (effects (font (size 1 1) (thickness 0.15)))
    )
    (fp_line (start -1.6 1.25) (end -1.6 -1.25) (layer F.Fab) (width 0.1))
    (fp_line (start -1.6 -1.25) (end 1.6 -1.25) (layer F.Fab) (width 0.1))
    (fp_line (start 1.6 -1.25) (end 1.6 1.25) (layer F.Fab) (width 0.1))
    (fp_line (start 1.6 1.25) (end -1.6 1.25) (layer F.Fab) (width 0.1))
    (fp_line (start -0.711252 -1.36) (end 0.711252 -1.36) (layer F.SilkS) (width 0.12))
    (fp_line (start -0.711252 1.36) (end 0.711252 1.36) (layer F.SilkS) (width 0.12))
    (fp_line (start -2.3 1.6) (end -2.3 -1.6) (layer F.CrtYd) (width 0.05))
    (fp_line (start -2.3 -1.6) (end 2.3 -1.6) (layer F.CrtYd) (width 0.05))
    (fp_line (start 2.3 -1.6) (end 2.3 1.6) (layer F.CrtYd) (width 0.05))
    (fp_line (start 2.3 1.6) (end -2.3 1.6) (layer F.CrtYd) (width 0.05))
    (fp_text user %R (at 0 0 90) (layer F.Fab)
      (effects (font (size 0.8 0.8) (thickness 0.12)))
    )
    (pad 1 smd roundrect (at -1.475 0 90) (size 1.15 2.7) (layers F.Cu F.Paste F.Mask) (roundrect_rratio 0.217391)
      (net 3 +5V))
    (pad 2 smd roundrect (at 1.475 0 90) (size 1.15 2.7) (layers F.Cu F.Paste F.Mask) (roundrect_rratio 0.217391)
      (net 1 GND))
    (model ${KISYS3DMOD}/Capacitor_SMD.3dshapes/C_1210_3225Metric.wrl
      (at (xyz 0 0 0))
      (scale (xyz 1 1 1))
      (rotate (xyz 0 0 0))
    )
  )

  (module Capacitor_SMD:C_0603_1608Metric (layer B.Cu) (tedit 5F68FEEE) (tstamp 6164CD7B)
    (at 169.84 69.78)
    (descr "Capacitor SMD 0603 (1608 Metric), square (rectangular) end terminal, IPC_7351 nominal, (Body size source: IPC-SM-782 page 76, https://www.pcb-3d.com/wordpress/wp-content/uploads/ipc-sm-782a_amendment_1_and_2.pdf), generated with kicad-footprint-generator")
    (tags capacitor)
    (path /6138A479)
    (attr smd)
    (fp_text reference C3 (at -2.12 0.01) (layer B.SilkS)
      (effects (font (size 0.8 0.8) (thickness 0.15)) (justify mirror))
    )
    (fp_text value 22pF (at 0 -1.43) (layer B.Fab)
      (effects (font (size 1 1) (thickness 0.15)) (justify mirror))
    )
    (fp_line (start -0.8 -0.4) (end -0.8 0.4) (layer B.Fab) (width 0.1))
    (fp_line (start -0.8 0.4) (end 0.8 0.4) (layer B.Fab) (width 0.1))
    (fp_line (start 0.8 0.4) (end 0.8 -0.4) (layer B.Fab) (width 0.1))
    (fp_line (start 0.8 -0.4) (end -0.8 -0.4) (layer B.Fab) (width 0.1))
    (fp_line (start -0.14058 0.51) (end 0.14058 0.51) (layer B.SilkS) (width 0.12))
    (fp_line (start -0.14058 -0.51) (end 0.14058 -0.51) (layer B.SilkS) (width 0.12))
    (fp_line (start -1.48 -0.73) (end -1.48 0.73) (layer B.CrtYd) (width 0.05))
    (fp_line (start -1.48 0.73) (end 1.48 0.73) (layer B.CrtYd) (width 0.05))
    (fp_line (start 1.48 0.73) (end 1.48 -0.73) (layer B.CrtYd) (width 0.05))
    (fp_line (start 1.48 -0.73) (end -1.48 -0.73) (layer B.CrtYd) (width 0.05))
    (fp_text user %R (at 0 0) (layer B.Fab)
      (effects (font (size 0.4 0.4) (thickness 0.06)) (justify mirror))
    )
    (pad 1 smd roundrect (at -0.775 0) (size 0.9 0.95) (layers B.Cu B.Paste B.Mask) (roundrect_rratio 0.25)
      (net 1 GND))
    (pad 2 smd roundrect (at 0.775 0) (size 0.9 0.95) (layers B.Cu B.Paste B.Mask) (roundrect_rratio 0.25)
      (net 4 RTC1))
    (model ${KISYS3DMOD}/Capacitor_SMD.3dshapes/C_0603_1608Metric.wrl
      (at (xyz 0 0 0))
      (scale (xyz 1 1 1))
      (rotate (xyz 0 0 0))
    )
  )

  (module Capacitor_SMD:C_0603_1608Metric (layer B.Cu) (tedit 5F68FEEE) (tstamp 6164CD8C)
    (at 169.85 71.41)
    (descr "Capacitor SMD 0603 (1608 Metric), square (rectangular) end terminal, IPC_7351 nominal, (Body size source: IPC-SM-782 page 76, https://www.pcb-3d.com/wordpress/wp-content/uploads/ipc-sm-782a_amendment_1_and_2.pdf), generated with kicad-footprint-generator")
    (tags capacitor)
    (path /61388882)
    (attr smd)
    (fp_text reference C4 (at -2.12 -0.01) (layer B.SilkS)
      (effects (font (size 0.8 0.8) (thickness 0.15)) (justify mirror))
    )
    (fp_text value 22pF (at 0 -1.43) (layer B.Fab)
      (effects (font (size 1 1) (thickness 0.15)) (justify mirror))
    )
    (fp_line (start 1.48 -0.73) (end -1.48 -0.73) (layer B.CrtYd) (width 0.05))
    (fp_line (start 1.48 0.73) (end 1.48 -0.73) (layer B.CrtYd) (width 0.05))
    (fp_line (start -1.48 0.73) (end 1.48 0.73) (layer B.CrtYd) (width 0.05))
    (fp_line (start -1.48 -0.73) (end -1.48 0.73) (layer B.CrtYd) (width 0.05))
    (fp_line (start -0.14058 -0.51) (end 0.14058 -0.51) (layer B.SilkS) (width 0.12))
    (fp_line (start -0.14058 0.51) (end 0.14058 0.51) (layer B.SilkS) (width 0.12))
    (fp_line (start 0.8 -0.4) (end -0.8 -0.4) (layer B.Fab) (width 0.1))
    (fp_line (start 0.8 0.4) (end 0.8 -0.4) (layer B.Fab) (width 0.1))
    (fp_line (start -0.8 0.4) (end 0.8 0.4) (layer B.Fab) (width 0.1))
    (fp_line (start -0.8 -0.4) (end -0.8 0.4) (layer B.Fab) (width 0.1))
    (fp_text user %R (at 0 0) (layer B.Fab)
      (effects (font (size 0.4 0.4) (thickness 0.06)) (justify mirror))
    )
    (pad 2 smd roundrect (at 0.775 0) (size 0.9 0.95) (layers B.Cu B.Paste B.Mask) (roundrect_rratio 0.25)
      (net 5 RTC2))
    (pad 1 smd roundrect (at -0.775 0) (size 0.9 0.95) (layers B.Cu B.Paste B.Mask) (roundrect_rratio 0.25)
      (net 1 GND))
    (model ${KISYS3DMOD}/Capacitor_SMD.3dshapes/C_0603_1608Metric.wrl
      (at (xyz 0 0 0))
      (scale (xyz 1 1 1))
      (rotate (xyz 0 0 0))
    )
  )

  (module Capacitor_SMD:C_0603_1608Metric (layer F.Cu) (tedit 5F68FEEE) (tstamp 6164CD9D)
    (at 179.19 123.21)
    (descr "Capacitor SMD 0603 (1608 Metric), square (rectangular) end terminal, IPC_7351 nominal, (Body size source: IPC-SM-782 page 76, https://www.pcb-3d.com/wordpress/wp-content/uploads/ipc-sm-782a_amendment_1_and_2.pdf), generated with kicad-footprint-generator")
    (tags capacitor)
    (path /61787706)
    (attr smd)
    (fp_text reference C5 (at 0 1.12) (layer F.SilkS)
      (effects (font (size 0.8 0.8) (thickness 0.15)))
    )
    (fp_text value 100nF (at 0 1.43) (layer F.Fab)
      (effects (font (size 1 1) (thickness 0.15)))
    )
    (fp_line (start -0.8 0.4) (end -0.8 -0.4) (layer F.Fab) (width 0.1))
    (fp_line (start -0.8 -0.4) (end 0.8 -0.4) (layer F.Fab) (width 0.1))
    (fp_line (start 0.8 -0.4) (end 0.8 0.4) (layer F.Fab) (width 0.1))
    (fp_line (start 0.8 0.4) (end -0.8 0.4) (layer F.Fab) (width 0.1))
    (fp_line (start -0.14058 -0.51) (end 0.14058 -0.51) (layer F.SilkS) (width 0.12))
    (fp_line (start -0.14058 0.51) (end 0.14058 0.51) (layer F.SilkS) (width 0.12))
    (fp_line (start -1.48 0.73) (end -1.48 -0.73) (layer F.CrtYd) (width 0.05))
    (fp_line (start -1.48 -0.73) (end 1.48 -0.73) (layer F.CrtYd) (width 0.05))
    (fp_line (start 1.48 -0.73) (end 1.48 0.73) (layer F.CrtYd) (width 0.05))
    (fp_line (start 1.48 0.73) (end -1.48 0.73) (layer F.CrtYd) (width 0.05))
    (fp_text user %R (at 0 0) (layer F.Fab)
      (effects (font (size 0.4 0.4) (thickness 0.06)))
    )
    (pad 1 smd roundrect (at -0.775 0) (size 0.9 0.95) (layers F.Cu F.Paste F.Mask) (roundrect_rratio 0.25)
      (net 141 Vin))
    (pad 2 smd roundrect (at 0.775 0) (size 0.9 0.95) (layers F.Cu F.Paste F.Mask) (roundrect_rratio 0.25)
      (net 1 GND))
    (model ${KISYS3DMOD}/Capacitor_SMD.3dshapes/C_0603_1608Metric.wrl
      (at (xyz 0 0 0))
      (scale (xyz 1 1 1))
      (rotate (xyz 0 0 0))
    )
  )

  (module Capacitor_SMD:C_0603_1608Metric (layer B.Cu) (tedit 5F68FEEE) (tstamp 6164CDAE)
    (at 162.45 68.555 270)
    (descr "Capacitor SMD 0603 (1608 Metric), square (rectangular) end terminal, IPC_7351 nominal, (Body size source: IPC-SM-782 page 76, https://www.pcb-3d.com/wordpress/wp-content/uploads/ipc-sm-782a_amendment_1_and_2.pdf), generated with kicad-footprint-generator")
    (tags capacitor)
    (path /61383953)
    (attr smd)
    (fp_text reference C6 (at -1.735 -0.02 180) (layer B.SilkS)
      (effects (font (size 0.8 0.8) (thickness 0.15)) (justify mirror))
    )
    (fp_text value 22pF (at 0 -1.43 90) (layer B.Fab)
      (effects (font (size 1 1) (thickness 0.15)) (justify mirror))
    )
    (fp_line (start 1.48 -0.73) (end -1.48 -0.73) (layer B.CrtYd) (width 0.05))
    (fp_line (start 1.48 0.73) (end 1.48 -0.73) (layer B.CrtYd) (width 0.05))
    (fp_line (start -1.48 0.73) (end 1.48 0.73) (layer B.CrtYd) (width 0.05))
    (fp_line (start -1.48 -0.73) (end -1.48 0.73) (layer B.CrtYd) (width 0.05))
    (fp_line (start -0.14058 -0.51) (end 0.14058 -0.51) (layer B.SilkS) (width 0.12))
    (fp_line (start -0.14058 0.51) (end 0.14058 0.51) (layer B.SilkS) (width 0.12))
    (fp_line (start 0.8 -0.4) (end -0.8 -0.4) (layer B.Fab) (width 0.1))
    (fp_line (start 0.8 0.4) (end 0.8 -0.4) (layer B.Fab) (width 0.1))
    (fp_line (start -0.8 0.4) (end 0.8 0.4) (layer B.Fab) (width 0.1))
    (fp_line (start -0.8 -0.4) (end -0.8 0.4) (layer B.Fab) (width 0.1))
    (fp_text user %R (at 0 0 90) (layer B.Fab)
      (effects (font (size 0.4 0.4) (thickness 0.06)) (justify mirror))
    )
    (pad 2 smd roundrect (at 0.775 0 270) (size 0.9 0.95) (layers B.Cu B.Paste B.Mask) (roundrect_rratio 0.25)
      (net 6 HSE1))
    (pad 1 smd roundrect (at -0.775 0 270) (size 0.9 0.95) (layers B.Cu B.Paste B.Mask) (roundrect_rratio 0.25)
      (net 1 GND))
    (model ${KISYS3DMOD}/Capacitor_SMD.3dshapes/C_0603_1608Metric.wrl
      (at (xyz 0 0 0))
      (scale (xyz 1 1 1))
      (rotate (xyz 0 0 0))
    )
  )

  (module Capacitor_SMD:C_0603_1608Metric (layer B.Cu) (tedit 5F68FEEE) (tstamp 6164CDBF)
    (at 160.82 68.56 270)
    (descr "Capacitor SMD 0603 (1608 Metric), square (rectangular) end terminal, IPC_7351 nominal, (Body size source: IPC-SM-782 page 76, https://www.pcb-3d.com/wordpress/wp-content/uploads/ipc-sm-782a_amendment_1_and_2.pdf), generated with kicad-footprint-generator")
    (tags capacitor)
    (path /613831AF)
    (attr smd)
    (fp_text reference C7 (at -1.72 0.02 180) (layer B.SilkS)
      (effects (font (size 0.8 0.8) (thickness 0.15)) (justify mirror))
    )
    (fp_text value 22pF (at 0 -1.43 90) (layer B.Fab)
      (effects (font (size 1 1) (thickness 0.15)) (justify mirror))
    )
    (fp_line (start -0.8 -0.4) (end -0.8 0.4) (layer B.Fab) (width 0.1))
    (fp_line (start -0.8 0.4) (end 0.8 0.4) (layer B.Fab) (width 0.1))
    (fp_line (start 0.8 0.4) (end 0.8 -0.4) (layer B.Fab) (width 0.1))
    (fp_line (start 0.8 -0.4) (end -0.8 -0.4) (layer B.Fab) (width 0.1))
    (fp_line (start -0.14058 0.51) (end 0.14058 0.51) (layer B.SilkS) (width 0.12))
    (fp_line (start -0.14058 -0.51) (end 0.14058 -0.51) (layer B.SilkS) (width 0.12))
    (fp_line (start -1.48 -0.73) (end -1.48 0.73) (layer B.CrtYd) (width 0.05))
    (fp_line (start -1.48 0.73) (end 1.48 0.73) (layer B.CrtYd) (width 0.05))
    (fp_line (start 1.48 0.73) (end 1.48 -0.73) (layer B.CrtYd) (width 0.05))
    (fp_line (start 1.48 -0.73) (end -1.48 -0.73) (layer B.CrtYd) (width 0.05))
    (fp_text user %R (at 0 0 90) (layer B.Fab)
      (effects (font (size 0.4 0.4) (thickness 0.06)) (justify mirror))
    )
    (pad 1 smd roundrect (at -0.775 0 270) (size 0.9 0.95) (layers B.Cu B.Paste B.Mask) (roundrect_rratio 0.25)
      (net 1 GND))
    (pad 2 smd roundrect (at 0.775 0 270) (size 0.9 0.95) (layers B.Cu B.Paste B.Mask) (roundrect_rratio 0.25)
      (net 7 HSE2))
    (model ${KISYS3DMOD}/Capacitor_SMD.3dshapes/C_0603_1608Metric.wrl
      (at (xyz 0 0 0))
      (scale (xyz 1 1 1))
      (rotate (xyz 0 0 0))
    )
  )

  (module Capacitor_SMD:C_0805_2012Metric (layer B.Cu) (tedit 5F68FEEE) (tstamp 6164CDD0)
    (at 160.49 77.57 90)
    (descr "Capacitor SMD 0805 (2012 Metric), square (rectangular) end terminal, IPC_7351 nominal, (Body size source: IPC-SM-782 page 76, https://www.pcb-3d.com/wordpress/wp-content/uploads/ipc-sm-782a_amendment_1_and_2.pdf, https://docs.google.com/spreadsheets/d/1BsfQQcO9C6DZCsRaXUlFlo91Tg2WpOkGARC1WS5S8t0/edit?usp=sharing), generated with kicad-footprint-generator")
    (tags capacitor)
    (path /6141E0CD)
    (attr smd)
    (fp_text reference C8 (at 1.98 0.01) (layer B.SilkS)
      (effects (font (size 0.8 0.8) (thickness 0.15)) (justify mirror))
    )
    (fp_text value 1uF (at 0 -1.68 270) (layer B.Fab)
      (effects (font (size 1 1) (thickness 0.15)) (justify mirror))
    )
    (fp_line (start 1.7 -0.98) (end -1.7 -0.98) (layer B.CrtYd) (width 0.05))
    (fp_line (start 1.7 0.98) (end 1.7 -0.98) (layer B.CrtYd) (width 0.05))
    (fp_line (start -1.7 0.98) (end 1.7 0.98) (layer B.CrtYd) (width 0.05))
    (fp_line (start -1.7 -0.98) (end -1.7 0.98) (layer B.CrtYd) (width 0.05))
    (fp_line (start -0.261252 -0.735) (end 0.261252 -0.735) (layer B.SilkS) (width 0.12))
    (fp_line (start -0.261252 0.735) (end 0.261252 0.735) (layer B.SilkS) (width 0.12))
    (fp_line (start 1 -0.625) (end -1 -0.625) (layer B.Fab) (width 0.1))
    (fp_line (start 1 0.625) (end 1 -0.625) (layer B.Fab) (width 0.1))
    (fp_line (start -1 0.625) (end 1 0.625) (layer B.Fab) (width 0.1))
    (fp_line (start -1 -0.625) (end -1 0.625) (layer B.Fab) (width 0.1))
    (fp_text user %R (at 0 0 270) (layer B.Fab)
      (effects (font (size 0.5 0.5) (thickness 0.08)) (justify mirror))
    )
    (pad 2 smd roundrect (at 0.95 0 90) (size 1 1.45) (layers B.Cu B.Paste B.Mask) (roundrect_rratio 0.25)
      (net 1 GND))
    (pad 1 smd roundrect (at -0.95 0 90) (size 1 1.45) (layers B.Cu B.Paste B.Mask) (roundrect_rratio 0.25)
      (net 8 VRef))
    (model ${KISYS3DMOD}/Capacitor_SMD.3dshapes/C_0805_2012Metric.wrl
      (at (xyz 0 0 0))
      (scale (xyz 1 1 1))
      (rotate (xyz 0 0 0))
    )
  )

  (module Capacitor_SMD:C_0603_1608Metric (layer F.Cu) (tedit 5F68FEEE) (tstamp 6164CDE1)
    (at 153.15 83.14 180)
    (descr "Capacitor SMD 0603 (1608 Metric), square (rectangular) end terminal, IPC_7351 nominal, (Body size source: IPC-SM-782 page 76, https://www.pcb-3d.com/wordpress/wp-content/uploads/ipc-sm-782a_amendment_1_and_2.pdf), generated with kicad-footprint-generator")
    (tags capacitor)
    (path /61786111)
    (attr smd)
    (fp_text reference C9 (at 0 -1.15) (layer F.SilkS)
      (effects (font (size 0.8 0.8) (thickness 0.15)))
    )
    (fp_text value 100nF (at 0 1.43) (layer F.Fab)
      (effects (font (size 1 1) (thickness 0.15)))
    )
    (fp_line (start 1.48 0.73) (end -1.48 0.73) (layer F.CrtYd) (width 0.05))
    (fp_line (start 1.48 -0.73) (end 1.48 0.73) (layer F.CrtYd) (width 0.05))
    (fp_line (start -1.48 -0.73) (end 1.48 -0.73) (layer F.CrtYd) (width 0.05))
    (fp_line (start -1.48 0.73) (end -1.48 -0.73) (layer F.CrtYd) (width 0.05))
    (fp_line (start -0.14058 0.51) (end 0.14058 0.51) (layer F.SilkS) (width 0.12))
    (fp_line (start -0.14058 -0.51) (end 0.14058 -0.51) (layer F.SilkS) (width 0.12))
    (fp_line (start 0.8 0.4) (end -0.8 0.4) (layer F.Fab) (width 0.1))
    (fp_line (start 0.8 -0.4) (end 0.8 0.4) (layer F.Fab) (width 0.1))
    (fp_line (start -0.8 -0.4) (end 0.8 -0.4) (layer F.Fab) (width 0.1))
    (fp_line (start -0.8 0.4) (end -0.8 -0.4) (layer F.Fab) (width 0.1))
    (fp_text user %R (at 0 0) (layer F.Fab)
      (effects (font (size 0.4 0.4) (thickness 0.06)))
    )
    (pad 2 smd roundrect (at 0.775 0 180) (size 0.9 0.95) (layers F.Cu F.Paste F.Mask) (roundrect_rratio 0.25)
      (net 1 GND))
    (pad 1 smd roundrect (at -0.775 0 180) (size 0.9 0.95) (layers F.Cu F.Paste F.Mask) (roundrect_rratio 0.25)
      (net 9 +3V3))
    (model ${KISYS3DMOD}/Capacitor_SMD.3dshapes/C_0603_1608Metric.wrl
      (at (xyz 0 0 0))
      (scale (xyz 1 1 1))
      (rotate (xyz 0 0 0))
    )
  )

  (module Capacitor_SMD:C_0805_2012Metric (layer F.Cu) (tedit 5F68FEEE) (tstamp 6164CDF2)
    (at 176.3 97.13 180)
    (descr "Capacitor SMD 0805 (2012 Metric), square (rectangular) end terminal, IPC_7351 nominal, (Body size source: IPC-SM-782 page 76, https://www.pcb-3d.com/wordpress/wp-content/uploads/ipc-sm-782a_amendment_1_and_2.pdf, https://docs.google.com/spreadsheets/d/1BsfQQcO9C6DZCsRaXUlFlo91Tg2WpOkGARC1WS5S8t0/edit?usp=sharing), generated with kicad-footprint-generator")
    (tags capacitor)
    (path /6143B5CD)
    (attr smd)
    (fp_text reference C10 (at 0.03 -1.38) (layer F.SilkS)
      (effects (font (size 0.8 0.8) (thickness 0.15)))
    )
    (fp_text value 1uF (at 0 1.68) (layer F.Fab)
      (effects (font (size 1 1) (thickness 0.15)))
    )
    (fp_line (start -1 0.625) (end -1 -0.625) (layer F.Fab) (width 0.1))
    (fp_line (start -1 -0.625) (end 1 -0.625) (layer F.Fab) (width 0.1))
    (fp_line (start 1 -0.625) (end 1 0.625) (layer F.Fab) (width 0.1))
    (fp_line (start 1 0.625) (end -1 0.625) (layer F.Fab) (width 0.1))
    (fp_line (start -0.261252 -0.735) (end 0.261252 -0.735) (layer F.SilkS) (width 0.12))
    (fp_line (start -0.261252 0.735) (end 0.261252 0.735) (layer F.SilkS) (width 0.12))
    (fp_line (start -1.7 0.98) (end -1.7 -0.98) (layer F.CrtYd) (width 0.05))
    (fp_line (start -1.7 -0.98) (end 1.7 -0.98) (layer F.CrtYd) (width 0.05))
    (fp_line (start 1.7 -0.98) (end 1.7 0.98) (layer F.CrtYd) (width 0.05))
    (fp_line (start 1.7 0.98) (end -1.7 0.98) (layer F.CrtYd) (width 0.05))
    (fp_text user %R (at 0 0) (layer F.Fab)
      (effects (font (size 0.5 0.5) (thickness 0.08)))
    )
    (pad 1 smd roundrect (at -0.95 0 180) (size 1 1.45) (layers F.Cu F.Paste F.Mask) (roundrect_rratio 0.25)
      (net 1 GND))
    (pad 2 smd roundrect (at 0.95 0 180) (size 1 1.45) (layers F.Cu F.Paste F.Mask) (roundrect_rratio 0.25)
      (net 10 VCAP1))
    (model ${KISYS3DMOD}/Capacitor_SMD.3dshapes/C_0805_2012Metric.wrl
      (at (xyz 0 0 0))
      (scale (xyz 1 1 1))
      (rotate (xyz 0 0 0))
    )
  )

  (module Capacitor_SMD:C_0805_2012Metric (layer F.Cu) (tedit 5F68FEEE) (tstamp 6164CE03)
    (at 155.72 97.12)
    (descr "Capacitor SMD 0805 (2012 Metric), square (rectangular) end terminal, IPC_7351 nominal, (Body size source: IPC-SM-782 page 76, https://www.pcb-3d.com/wordpress/wp-content/uploads/ipc-sm-782a_amendment_1_and_2.pdf, https://docs.google.com/spreadsheets/d/1BsfQQcO9C6DZCsRaXUlFlo91Tg2WpOkGARC1WS5S8t0/edit?usp=sharing), generated with kicad-footprint-generator")
    (tags capacitor)
    (path /6143DC20)
    (attr smd)
    (fp_text reference C11 (at 0 1.4) (layer F.SilkS)
      (effects (font (size 0.8 0.8) (thickness 0.15)))
    )
    (fp_text value 1uF (at 0 1.68) (layer F.Fab)
      (effects (font (size 1 1) (thickness 0.15)))
    )
    (fp_line (start -1 0.625) (end -1 -0.625) (layer F.Fab) (width 0.1))
    (fp_line (start -1 -0.625) (end 1 -0.625) (layer F.Fab) (width 0.1))
    (fp_line (start 1 -0.625) (end 1 0.625) (layer F.Fab) (width 0.1))
    (fp_line (start 1 0.625) (end -1 0.625) (layer F.Fab) (width 0.1))
    (fp_line (start -0.261252 -0.735) (end 0.261252 -0.735) (layer F.SilkS) (width 0.12))
    (fp_line (start -0.261252 0.735) (end 0.261252 0.735) (layer F.SilkS) (width 0.12))
    (fp_line (start -1.7 0.98) (end -1.7 -0.98) (layer F.CrtYd) (width 0.05))
    (fp_line (start -1.7 -0.98) (end 1.7 -0.98) (layer F.CrtYd) (width 0.05))
    (fp_line (start 1.7 -0.98) (end 1.7 0.98) (layer F.CrtYd) (width 0.05))
    (fp_line (start 1.7 0.98) (end -1.7 0.98) (layer F.CrtYd) (width 0.05))
    (fp_text user %R (at 0 0) (layer F.Fab)
      (effects (font (size 0.5 0.5) (thickness 0.08)))
    )
    (pad 1 smd roundrect (at -0.95 0) (size 1 1.45) (layers F.Cu F.Paste F.Mask) (roundrect_rratio 0.25)
      (net 1 GND))
    (pad 2 smd roundrect (at 0.95 0) (size 1 1.45) (layers F.Cu F.Paste F.Mask) (roundrect_rratio 0.25)
      (net 11 VCAP2))
    (model ${KISYS3DMOD}/Capacitor_SMD.3dshapes/C_0805_2012Metric.wrl
      (at (xyz 0 0 0))
      (scale (xyz 1 1 1))
      (rotate (xyz 0 0 0))
    )
  )

  (module Capacitor_SMD:C_1210_3225Metric (layer F.Cu) (tedit 5F68FEEE) (tstamp 6164CE14)
    (at 188.08 129.66)
    (descr "Capacitor SMD 1210 (3225 Metric), square (rectangular) end terminal, IPC_7351 nominal, (Body size source: IPC-SM-782 page 76, https://www.pcb-3d.com/wordpress/wp-content/uploads/ipc-sm-782a_amendment_1_and_2.pdf), generated with kicad-footprint-generator")
    (tags capacitor)
    (path /617C52F3)
    (attr smd)
    (fp_text reference C12 (at 0 1.97 180) (layer F.SilkS)
      (effects (font (size 0.8 0.8) (thickness 0.15)))
    )
    (fp_text value 100uF (at 0 2.3 180) (layer F.Fab)
      (effects (font (size 1 1) (thickness 0.15)))
    )
    (fp_line (start 2.3 1.6) (end -2.3 1.6) (layer F.CrtYd) (width 0.05))
    (fp_line (start 2.3 -1.6) (end 2.3 1.6) (layer F.CrtYd) (width 0.05))
    (fp_line (start -2.3 -1.6) (end 2.3 -1.6) (layer F.CrtYd) (width 0.05))
    (fp_line (start -2.3 1.6) (end -2.3 -1.6) (layer F.CrtYd) (width 0.05))
    (fp_line (start -0.711252 1.36) (end 0.711252 1.36) (layer F.SilkS) (width 0.12))
    (fp_line (start -0.711252 -1.36) (end 0.711252 -1.36) (layer F.SilkS) (width 0.12))
    (fp_line (start 1.6 1.25) (end -1.6 1.25) (layer F.Fab) (width 0.1))
    (fp_line (start 1.6 -1.25) (end 1.6 1.25) (layer F.Fab) (width 0.1))
    (fp_line (start -1.6 -1.25) (end 1.6 -1.25) (layer F.Fab) (width 0.1))
    (fp_line (start -1.6 1.25) (end -1.6 -1.25) (layer F.Fab) (width 0.1))
    (fp_text user %R (at 0 0 180) (layer F.Fab)
      (effects (font (size 0.8 0.8) (thickness 0.12)))
    )
    (pad 2 smd roundrect (at 1.475 0) (size 1.15 2.7) (layers F.Cu F.Paste F.Mask) (roundrect_rratio 0.217391)
      (net 1 GND))
    (pad 1 smd roundrect (at -1.475 0) (size 1.15 2.7) (layers F.Cu F.Paste F.Mask) (roundrect_rratio 0.217391)
      (net 9 +3V3))
    (model ${KISYS3DMOD}/Capacitor_SMD.3dshapes/C_1210_3225Metric.wrl
      (at (xyz 0 0 0))
      (scale (xyz 1 1 1))
      (rotate (xyz 0 0 0))
    )
  )

  (module Capacitor_SMD:C_1210_3225Metric (layer F.Cu) (tedit 5F68FEEE) (tstamp 6164CE25)
    (at 188.09 126.29)
    (descr "Capacitor SMD 1210 (3225 Metric), square (rectangular) end terminal, IPC_7351 nominal, (Body size source: IPC-SM-782 page 76, https://www.pcb-3d.com/wordpress/wp-content/uploads/ipc-sm-782a_amendment_1_and_2.pdf), generated with kicad-footprint-generator")
    (tags capacitor)
    (path /6230DB2C)
    (attr smd)
    (fp_text reference C13 (at 0 -1.87 180) (layer F.SilkS)
      (effects (font (size 0.8 0.8) (thickness 0.15)))
    )
    (fp_text value 100uF (at 0 2.3 180) (layer F.Fab)
      (effects (font (size 1 1) (thickness 0.15)))
    )
    (fp_line (start -1.6 1.25) (end -1.6 -1.25) (layer F.Fab) (width 0.1))
    (fp_line (start -1.6 -1.25) (end 1.6 -1.25) (layer F.Fab) (width 0.1))
    (fp_line (start 1.6 -1.25) (end 1.6 1.25) (layer F.Fab) (width 0.1))
    (fp_line (start 1.6 1.25) (end -1.6 1.25) (layer F.Fab) (width 0.1))
    (fp_line (start -0.711252 -1.36) (end 0.711252 -1.36) (layer F.SilkS) (width 0.12))
    (fp_line (start -0.711252 1.36) (end 0.711252 1.36) (layer F.SilkS) (width 0.12))
    (fp_line (start -2.3 1.6) (end -2.3 -1.6) (layer F.CrtYd) (width 0.05))
    (fp_line (start -2.3 -1.6) (end 2.3 -1.6) (layer F.CrtYd) (width 0.05))
